date_published,title,url,post_id,topic_tags,status
2026-08-03,Plumbing Emergency Statistics You Need to Know in 2026,https://www.brackendownsplumber.co.za/2026/08/03/plumbing-emergency-statistics-you-need-to-know-in-2026/,122,stats-page,published
2026-08-04,How to Fix a Leaking Geyser,https://www.brackendownsplumber.co.za/2026/08/04/how-to-fix-a-leaking-geyser/,124,geyser,published
2026-08-04,Signs of a Blocked Drain You Shouldn't Ignore,https://www.brackendownsplumber.co.za/2026/08/04/signs-of-a-blocked-drain/,125,drains,published
2026-08-04,How to Unblock a Toilet Without a Plunger,https://www.brackendownsplumber.co.za/2026/08/04/how-to-unblock-a-toilet-without-a-plunger/,126,toilets,published
2026-08-04,Why Is My Geyser Making a Noise?,https://www.brackendownsplumber.co.za/2026/08/04/why-is-my-geyser-making-a-noise/,127,geyser,published
2026-08-04,How to Detect a Hidden Water Leak,https://www.brackendownsplumber.co.za/2026/08/04/how-to-detect-a-hidden-water-leak/,128,leaks,published
2026-08-04,What Causes Low Water Pressure?,https://www.brackendownsplumber.co.za/2026/08/04/what-causes-low-water-pressure/,129,pressure,published
2026-08-04,How to Prevent Burst Pipes in Winter,https://www.brackendownsplumber.co.za/2026/08/04/how-to-prevent-burst-pipes-in-winter/,130,pipes-winter,published
2026-08-04,How Load Shedding Affects Your Geyser,https://www.brackendownsplumber.co.za/2026/08/04/load-shedding-effect-on-geysers/,131,geyser-load-shedding,published
2026-08-04,How to Protect Your Geyser During Load Shedding,https://www.brackendownsplumber.co.za/2026/08/04/how-to-protect-your-geyser-during-load-shedding/,132,geyser-load-shedding,published
2026-08-04,What Is a PIRB Compliance Certificate?,https://www.brackendownsplumber.co.za/2026/08/04/what-is-a-pirb-compliance-certificate/,133,pirb-compliance,published
2026-08-04,Do I Need a PIRB Certificate to Sell My House?,https://www.brackendownsplumber.co.za/2026/08/04/do-i-need-a-pirb-certificate-to-sell-my-house/,134,pirb-compliance,published
2026-08-04,How to Choose a Plumber in Alberton,https://www.brackendownsplumber.co.za/2026/08/04/how-to-choose-a-plumber-in-alberton/,135,hiring-a-plumber,published
2026-08-04,Questions to Ask Before Hiring a Plumber,https://www.brackendownsplumber.co.za/2026/08/04/questions-to-ask-before-hiring-a-plumber/,136,hiring-a-plumber,published
2026-08-04,What to Do in a Plumbing Emergency,https://www.brackendownsplumber.co.za/2026/08/04/what-to-do-in-a-plumbing-emergency/,137,emergency-general,published
2026-08-04,How to Reduce Your Water Bill in South Africa,https://www.brackendownsplumber.co.za/2026/08/04/how-to-reduce-your-water-bill-south-africa/,138,water-bill,published
2026-08-04,Solar Geyser vs Electric Geyser: Pros and Cons,https://www.brackendownsplumber.co.za/2026/08/04/solar-geyser-vs-electric-geyser-pros-and-cons/,139,geyser-comparison,published
2026-08-04,How Long Does a Geyser Last in South Africa?,https://www.brackendownsplumber.co.za/2026/08/04/how-long-does-a-geyser-last-south-africa/,140,geyser,published
2026-08-04,How to Choose the Right Geyser Size,https://www.brackendownsplumber.co.za/2026/08/04/how-to-choose-the-right-geyser-size/,141,geyser,published
2026-08-04,How Does a Drain Camera Inspection Work?,https://www.brackendownsplumber.co.za/2026/08/04/how-does-a-drain-camera-inspection-work/,142,drains,published
2026-08-04,Common Plumbing Problems in Alberton Homes,https://www.brackendownsplumber.co.za/2026/08/04/common-plumbing-problems-in-alberton-homes/,143,local-alberton,published
2026-08-04,Common Plumbing Problems in Older Homes,https://www.brackendownsplumber.co.za/2026/08/04/common-plumbing-problems-in-older-homes/,144,older-homes,published
2026-08-04,How to Maintain Your Drains,https://www.brackendownsplumber.co.za/2026/08/04/how-to-maintain-your-drains/,145,drains,published
2026-08-04,How Often Should a Geyser Be Serviced?,https://www.brackendownsplumber.co.za/2026/08/04/how-often-should-a-geyser-be-serviced/,146,geyser,published
2026-08-04,How to Winterproof Your Plumbing,https://www.brackendownsplumber.co.za/2026/08/04/how-to-winterproof-your-plumbing/,147,pipes-winter,published
2026-08-04,How to Find a Water Leak Underground,https://www.brackendownsplumber.co.za/2026/08/04/how-to-find-a-water-leak-underground/,148,leaks,published
2026-08-04,Why Do Pipes Burst in Winter in South Africa?,https://www.brackendownsplumber.co.za/2026/08/04/why-do-pipes-burst-in-winter-south-africa/,149,pipes-winter,published
2026-08-04,What to Do When a Pipe Bursts,https://www.brackendownsplumber.co.za/2026/08/04/what-to-do-when-a-pipe-bursts/,150,pipes-emergency,published
2026-08-04,How to Shut Off Your Main Water Supply,https://www.brackendownsplumber.co.za/2026/08/04/how-to-shut-off-your-main-water-supply/,151,emergency-general,published
2026-08-04,Plumbing Maintenance Checklist for Homeowners,https://www.brackendownsplumber.co.za/2026/08/04/plumbing-maintenance-checklist-for-homeowners/,152,maintenance,published
2026-08-04,How to Fix a Running Toilet,https://www.brackendownsplumber.co.za/2026/08/04/how-to-fix-a-running-toilet/,153,toilets,published
2026-08-04,Heat Pump vs Geyser: Which Is Better?,https://www.brackendownsplumber.co.za/2026/08/04/heat-pump-vs-geyser-which-is-better/,154,geyser-comparison,published
2026-08-04,How Does Water Filtration Work?,https://www.brackendownsplumber.co.za/2026/08/04/how-does-water-filtration-work/,155,water-quality,published
2026-08-04,Why Are My Gutters Overflowing?,https://www.brackendownsplumber.co.za/2026/08/04/why-are-my-gutters-overflowing/,156,gutters,published
2026-08-04,How Often Should Gutters Be Cleaned?,https://www.brackendownsplumber.co.za/2026/08/04/how-often-should-gutters-be-cleaned/,157,gutters,published
2026-08-04,How Often Should a Grease Trap Be Cleaned?,https://www.brackendownsplumber.co.za/2026/08/04/how-often-should-a-grease-trap-be-cleaned/,158,commercial-grease-trap,published
2026-08-04,Benefits of a Plumbing Maintenance Contract,https://www.brackendownsplumber.co.za/2026/08/04/benefits-of-a-plumbing-maintenance-contract/,159,maintenance,published
2026-08-04,Signs Your Geyser Needs Replacing,https://www.brackendownsplumber.co.za/2026/08/04/signs-your-geyser-needs-replacing/,160,geyser,published
2026-08-04,Is It Worth Fixing an Old Geyser?,https://www.brackendownsplumber.co.za/2026/08/04/is-it-worth-fixing-an-old-geyser/,161,geyser,published
2026-08-14,What Affects the Cost of a Geyser Installation in Alberton?,https://www.brackendownsplumber.co.za/2026/08/14/what-affects-the-cost-of-a-geyser-installation-in-alberton/,200,geyser-installation-cost,published
2026-08-20,Gas Geysers & Gas Plumbing Safety,https://www.brackendownsplumber.co.za/2026/08/20/gas-geysers-and-gas-plumbing-safety/,201,gas-geysers,published
2026-08-21,Tankless Geysers vs Traditional Geysers: Pros and Cons,https://www.brackendownsplumber.co.za/2026/08/21/tankless-geysers-vs-traditional-geysers-pros-and-cons/,218,tankless-geyser,published
2026-08-25,JoJo Tanks and Backup Water Systems: What to Plan Before You Install One,https://www.brackendownsplumber.co.za/2026/08/25/jojo-tanks-and-backup-water-systems/,219,water-tank-jojo,published
2026-08-28,Borehole Water: Pros, Cons and Plumbing Considerations,https://www.brackendownsplumber.co.za/2026/08/28/borehole-water-pros-cons-and-plumbing-considerations/,220,borehole-water,published
2026-09-01,Water Pressure Booster Pumps: When Do You Actually Need One?,https://www.brackendownsplumber.co.za/2026/09/01/water-pressure-booster-pumps-when-do-you-actually-need-one/,221,water-pressure-booster-pump,published
2026-09-04,Backflow Prevention: What It Is and Why It Matters,https://www.brackendownsplumber.co.za/2026/09/04/backflow-prevention-what-it-is-and-why-it-matters/,224,backflow-prevention,published
2026-09-06,How Much Do Plumbers Charge in Alberton?,https://www.brackendownsplumber.co.za/2026/09/06/how-much-do-plumbers-charge-in-alberton/,225,plumber-cost-no-callout-fee,published
2026-09-08,Pipe Relining vs. Full Pipe Replacement: How to Decide,https://www.brackendownsplumber.co.za/2026/09/08/pipe-relining-vs-full-pipe-replacement/,233,pipe-relining,published
2026-09-11,Copper vs. PVC vs. PEX Piping: Which Lasts Longer in East Rand Conditions?,https://www.brackendownsplumber.co.za/2026/09/11/copper-vs-pvc-vs-pex-piping-which-lasts-longer/,238,pipe-materials-comparison,published
2026-09-15,Bathroom Renovation Plumbing Checklist: What to Sort Out Before Tiling,https://www.brackendownsplumber.co.za/2026/09/15/bathroom-renovation-plumbing-checklist/,239,bathroom-renovation-checklist,published
2026-09-18,Kitchen Plumbing: Dishwasher & Washing Machine Installation Guide,https://www.brackendownsplumber.co.za/2026/09/18/kitchen-plumbing-dishwasher-washing-machine-installation-guide/,241,kitchen-appliance-plumbing,published
2026-09-22,Sewer Line Problems: Tree Root Intrusion Signs and Fixes,https://www.brackendownsplumber.co.za/2026/09/22/sewer-line-tree-root-intrusion-signs-and-fixes/,242,sewer-tree-root-intrusion,published
2026-09-25,Water Meter Reading: How to Spot a Leak From Your Bill,https://www.brackendownsplumber.co.za/2026/09/25/water-meter-reading-how-to-spot-a-leak/,249,water-meter-leak-detection,published
2026-09-29,Rainwater Harvesting: Legality, Setup, and How It Ties Into Your Plumbing,https://www.brackendownsplumber.co.za/2026/09/29/rainwater-harvesting-legality-setup-plumbing-tie-in/,250,rainwater-harvesting,published
2026-10-09,Mould From Hidden Leaks: Health Risks and What to Do,https://www.brackendownsplumber.co.za/2026/10/09/mould-from-hidden-leaks-health-risks-and-what-to-do/,263,mould-hidden-leaks,published
